71123
71263
71538
71623
71624
71627
71628
71714
71730
71749
71852
71863
71875
71877
71878
71892
71932
71940
71943
72201
72202
72203
72205
72206
72207
72208
72211
72214
72217
72218
72219
72223
72226
72228
72231
72234
72235
72240
72241
72242
72243
72247
72248
72250
72251
72252
72253
72254
72255
72256
72259
72261
72262
72263
72265
72266
72267
72268
72270
72274
72278
72280
72288
72290
72295
72297
72302
72304
72306
72308
72310
72312
72314
72315
72317
72323
72324
72326
72327
72334
72340
72344
72351
72353
72356
72363
72365
72374
72375
72382
72384
72386
72389
72390
72394
72401
72403
72405
72406
72407
72408
72410
72411
72412
72414
72421
72422
72423
72425
72428
72429
72432
72434
72435
72438
72439
72440
72445
72446
72449
72450
72451
72456
72458
72464
72465
72476
72483
72486
72488
72492
72493
72494
72502
72503
72504
72507
72508
72509
72513
72514
72515
72517
72518
72519
72520
72521
72524
72525
72526
72528
72529
72530
72532
72533
72534
72535
72536
72537
72539
72543
72544
72545
72546
72547
72550
72551
72552
72556
72557
72562
72564
72565
72566
72567
72569
72572
72576
72578
72583
72591
72594
72597
72605
72606
72617
72635
72636
72637
72638
72639
72640
72641
72643
72644
72645
72651
72654
72655
72658
72659
72662
72666
72677
72681
72683
72688
72693
72694
72698
72712
72734
72745
72747
72753
72764
72767
72768
72772
72773
72775
72777
72779
72781
72783
72785
72791
72793
72797
74206
74230
74486
74740
74754
76160
76225
76255
76342
76390
76394
76525
76539
76548
76556
76571
76595
76612
76625
76644
76654
76658
76679
76685
76692
76695
76750
76775
76805
76843
KBLH
KCQT
KONT
KRAL
KAUS
KLFK
KMWL
KPRX
KTYR
KINK
KLUK
KEAU
KAZO
KEWB
KHVN
KBAF
KORH
KLMT
KNYC
KISP
KMSS
KPOU
KHPN
KHGR
KMDT
KMGW
KPKB
KILG
KFMY
KLIT
KNYL
KGAG
KJLN
KBGR
KHIE
KELD
KGNV
KGUP
KLFT
KMHT
KMPV
KOMK
KMCB
KRDM
KCDC
KTAD
KTCC
CYMM
KSJC
KELN
KONO
KELM
KPLB
KMCK
KCMI
KLGD
KSLN
KPIE
KOCF
KAOO
KESF
KHBG
KJBR
KCXO
KCLL
KBTR
KPBG
KUCA
KSPG
KRME
KDEC
KACV
KALW
KCXY
KDAB
KSAW
MMTJ
KOLS
MMNL
MMLM
MMMZ
MMCV
MMPA
MMVA
MMCE
MMCT
MMLO
MMML
MMCS
KCGI
